2024-Dec-05 13:31:49		-242.494278	766.712036	766.712036	766.712036	203.23587		0.0	0.0	0.0	0.0	0.0	0.0	0.0	0.0
2024-Dec-05 13:31:51		-242.494247	766.712036	766.712036	766.712036	203.23587		0.0	0.0	0.0	0.0	0.0	0.0	0.0	0.0
2024-Dec-05 13:31:52		-242.49408	766.712036	766.712036	766.712036	203.23587		0.0	0.0	0.0	0.0	0.0	0.0	0.0	0.0
2024-Dec-05 13:31:53		-242.494141	766.712036	766.712036	766.712036	203.23587		0.0	0.0	0.0	0.0	0.0	0.0	0.0	0.0
2024-Dec-05 13:31:54		-242.494568	766.712036	766.712036	766.712036	203.23587		0.0	0.0	0.0	0.0	0.0	0.0	0.0	0.0
2024-Dec-05 13:31:55		-242.494217	766.712036	766.712036	766.712036	203.23587		0.0	0.0	0.0	0.0	0.0	0.0	0.0	0.0
2024-Dec-05 13:31:56		-242.494217	766.712036	766.712036	766.712036	203.23587		0.0	0.0	0.0	0.0	0.0	0.0	0.0	0.0
2024-Dec-05 13:31:58		-242.494278	766.712036	766.712036	766.712036	203.23587		0.0	0.0	0.0	0.0	0.0	0.0	0.0	0.0
2024-Dec-05 13:31:59		-242.49501	766.712036	766.712036	766.712036	203.23587		0.0	0.0	0.0	0.0	0.0	0.0	0.0	0.0
2024-Dec-05 13:39:50		-242.522247	766.712036	766.712036	766.712036	203.23587		0.0	0.0	0.0	0.0	0.0	0.0	0.0	0.0
2024-Dec-05 13:39:55		-242.518188	766.712036	766.712036	766.712036	203.23587		0.0	0.0	0.0	0.0	0.0	0.0	0.0	0.0
2024-Dec-05 13:40:00		-242.522003	766.712036	766.712036	766.712036	203.23587		0.0	0.0	0.0	0.0	0.0	0.0	0.0	0.0
2024-Dec-05 13:40:05		-242.52211	766.712036	766.712036	766.712036	203.23587		0.0	0.0	0.0	0.0	0.0	0.0	0.0	0.0
2024-Dec-05 13:40:10		-242.521851	766.712036	766.712036	766.712036	203.23587		0.0	0.0	0.0	0.0	0.0	0.0	0.0	0.0
2024-Dec-05 13:40:16		-242.522202	766.712036	766.712036	766.712036	203.23587		0.0	0.0	0.0	0.0	0.0	0.0	0.0	0.0
2024-Dec-05 13:40:21		-242.522141	766.712036	766.712036	766.712036	203.23587		0.0	0.0	0.0	0.0	0.0	0.0	0.0	0.0
2024-Dec-05 13:40:26		-242.52211	766.712036	766.712036	766.712036	203.23587		0.0	0.0	0.0	0.0	0.0	0.0	0.0	0.0
2024-Dec-05 13:40:31		-242.522064	766.712036	766.712036	766.712036	203.23587		0.0	0.0	0.0	0.0	0.0	0.0	0.0	0.0
2024-Dec-05 13:40:36		-242.52211	766.712036	766.712036	766.712036	203.23587		0.0	0.0	0.0	0.0	0.0	0.0	0.0	0.0
2024-Dec-05 13:40:41		-242.522064	766.712036	766.712036	766.712036	203.23587		0.0	0.0	0.0	0.0	0.0	0.0	0.0	0.0
2024-Dec-05 13:40:47		-242.522095	766.712036	766.712036	766.712036	203.23587		0.0	0.0	0.0	0.0	0.0	0.0	0.0	0.0
2024-Dec-05 13:40:52		-242.522171	766.712036	766.712036	766.712036	203.23587		0.0	0.0	0.0	0.0	0.0	0.0	0.0	0.0
2024-Dec-05 13:42:04		-242.533676	766.712036	766.712036	766.712036	203.23587		0.0	0.0	0.0	0.0	0.0	0.0	0.0	0.0
2024-Dec-05 13:42:10		-242.532867	766.712036	766.712036	766.712036	203.23587		0.0	0.0	0.0	0.0	0.0	0.0	0.0	0.0
2024-Dec-05 13:42:15		-242.532837	766.712036	766.712036	766.712036	203.23587		0.0	0.0	0.0	0.0	0.0	0.0	0.0	0.0
2024-Dec-05 13:42:20		-242.540939	766.712036	766.712036	766.712036	203.23587		0.0	0.0	0.0	0.0	0.0	0.0	0.0	0.0
2024-Dec-05 13:42:25		-242.536942	766.712036	766.712036	766.712036	203.23587		0.0	0.0	0.0	0.0	0.0	0.0	0.0	0.0
2024-Dec-05 13:42:30		-242.537186	766.712036	766.712036	766.712036	203.23587		0.0	0.0	0.0	0.0	0.0	0.0	0.0	0.0
2024-Dec-05 13:42:35		-242.537338	766.712036	766.712036	766.712036	203.23587		0.0	0.0	0.0	0.0	0.0	0.0	0.0	0.0
2024-Dec-05 13:42:40		-242.532623	766.712036	766.712036	766.712036	203.23587		0.0	0.0	0.0	0.0	0.0	0.0	0.0	0.0
2024-Dec-05 13:42:46		-242.541077	766.712036	766.712036	766.712036	203.23587		0.0	0.0	0.0	0.0	0.0	0.0	0.0	0.0
